
Dx <- c(1420, 107, 43, 46, 33, 26, 27, 26, 34, 22, 22, 21, 29, 26, 
		49, 51, 57, 78, 76, 80, 75, 59, 68, 95, 97, 97, 102, 126, 140, 
		112, 156, 132, 162, 158, 164, 209, 248, 295, 312, 299, 361, 428, 
		434, 491, 545, 566, 615, 681, 719, 770, 797, 902, 998, 1008, 
		1102, 1106, 1242, 1373, 1478, 1545, 1761, 1989, 2219, 2539, 2278, 
		2434, 2637, 2649, 2726, 2901, 3321, 3557, 3841, 4178, 4455, 4766, 
		5160, 5679, 6362, 7048, 7557, 8011, 8541, 9139, 9760, 10207, 
		10510, 10826, 11433, 11886, 11518, 7629, 6780, 6800, 6429, 5647, 
		4809, 3845, 2797, 2032, 1492, 1043, 680, 434, 231, 116, 63, 35, 
		19, 6, 11)
Ex <- c(345144.79, 342078.49, 339683.48, 333299.77, 324775.58, 315629.82, 
		306718.36, 298808.87, 295383.14, 299729.23, 307791.35, 315605.35, 
		322450.41, 327347.15, 328135.06, 330682.5, 337179.57, 344738.63, 
		355350.67, 364043.7, 363504.79, 366130.49, 372752.44, 375784.01, 
		379706.16, 380426.32, 379086.3, 380269.46, 384015.19, 387316.3, 
		384364.06, 370395.31, 352741.25, 345863.99, 351348.51, 358892.02, 
		368597.8, 382932.21, 398963.91, 407987.48, 409882.72, 412457.95, 
		416169.06, 419154.59, 422239.85, 422963.88, 419459.33, 411653.17, 
		401103.88, 387847.86, 374841.57, 365140.76, 356157.07, 345176.31, 
		333774.24, 326303.55, 324004.57, 321249.18, 317811.31, 319938.45, 
		327235.54, 339046.25, 358724.87, 357556.02, 321009.73, 295596.91, 
		289204.38, 273842.33, 250817.42, 235917.49, 235233.75, 236437.53, 
		231875.96, 224392.95, 216349.66, 207698.04, 198900.94, 192964.55, 
		189922.74, 185528.62, 177312.12, 166088.62, 155074.55, 145522.8, 
		136294.04, 126538.79, 117094.03, 107928, 99496.05, 94012.87, 
		73910.4, 48800.91, 37410.21, 32625.27, 27965.16, 22260.47, 17091.38, 
		12233.41, 8342.6, 5565.2, 3613.89, 2288.21, 1393.53, 809.3, 439.64, 
		227.43, 118.39, 59.23, 28.29, 14.6, 10.77)

mx.lt<-c(0.00412, 0.00031, 0.00013, 0.00014, 1e-04, 8e-05, 9e-05, 9e-05, 
		0.00012, 7e-05, 7e-05, 7e-05, 9e-05, 8e-05, 0.00015, 0.00015, 
		0.00017, 0.00023, 0.00021, 0.00022, 0.00021, 0.00016, 0.00018, 
		0.00025, 0.00026, 0.00025, 0.00027, 0.00033, 0.00037, 0.00029, 
		0.00041, 0.00035, 0.00046, 0.00046, 0.00047, 0.00058, 0.00067, 
		0.00077, 0.00079, 0.00073, 0.00089, 0.00103, 0.00105, 0.00117, 
		0.00129, 0.00134, 0.00147, 0.00165, 0.00179, 0.00198, 0.00214, 
		0.00246, 0.0028, 0.00293, 0.00329, 0.00341, 0.00383, 0.00427, 
		0.00467, 0.00482, 0.00538, 0.00588, 0.00626, 0.00678, 0.00731, 
		0.0082, 0.00916, 0.00958, 0.01087, 0.01248, 0.01406, 0.01501, 
		0.01643, 0.01862, 0.02059, 0.02295, 0.02594, 0.02943, 0.0335, 
		0.03799, 0.04262, 0.04823, 0.05508, 0.06266, 0.07152, 0.08085, 
		0.08996, 0.10089, 0.11582, 0.12716, 0.15634, 0.15628, 0.18128, 
		0.20933, 0.23086, 0.25477, 0.28154, 0.30995, 0.33988, 0.37114, 
		0.40351, 0.43675, 0.47057, 0.50466, 0.53871, 0.5724, 0.60543, 
		0.63752, 0.66844, 0.69797, 0.72594)



