LX <- structure(c(1, 0.991720451816582, 0.99, 0.989775059474407, 0.989530340697396, 
0.989029269893026, 0.988701857488368, 0.988514014196191, 0.988337457709166, 
0.988080565588007, 0.987590065314782, 0.986362538661357, 0.983176599345368, 
0.97468739164868, 0.955158324778342, 0.911525805098414, 0.822005575418174, 
0.657411207569558, 0.424901082639039, 0.178030448183055, 0.0444760514027617, 
0.00623787356827838, 0.000456382928540883, 1.75774150073208e-05, 
1, 0.991720451816582, 0.99, 0.989669657777559, 0.989314269592501, 
0.988508254906111, 0.987874692881259, 0.987461131262441, 0.987053985491828, 
0.986471912246003, 0.985421944295521, 0.98305410553896, 0.977552233548272, 
0.964581461718161, 0.937402678887622, 0.882292381039483, 0.779235817437536, 
0.606685758639545, 0.380584558276879, 0.15787109052427, 0.0394397857716328, 
0.00553152515666338, 0.00040470420290874, 1.55870285342995e-05, 
1, 0.991720451816582, 0.99, 0.989450202025645, 0.988867477981915, 
0.987354296855582, 0.98583531312585, 0.984659325400683, 0.983428855496302, 
0.98171134297761, 0.978840767547566, 0.973210025295553, 0.96193793684596, 
0.939424129602308, 0.89794107914829, 0.824416416823459, 0.703613942496898, 
0.525982534204705, 0.31615219768017, 0.12938879942725, 0.0323242622427758, 
0.00453355580585082, 0.000331689549768923, 1.27748969237737e-05, 
1, 0.959104236249242, 0.95, 0.947875240091823, 0.946113088469409, 
0.943255028696706, 0.940593272985488, 0.938545529349623, 0.936446976274642, 
0.933651107263759, 0.929291965266025, 0.921188732277266, 0.905598718507214, 
0.875154743947981, 0.820567185950666, 0.728004968166769, 0.585438924797819, 
0.39457231416341, 0.202139583758824, 0.0652196036668446, 0.0125076888190105, 
0.00132056689523931, 7.49830867368033e-05, 2.37486182374657e-06, 
1, 0.959104236249242, 0.95, 0.946924896232661, 0.944403943807076, 
0.939896859972907, 0.934890907833211, 0.930539741135762, 0.925888325226111, 
0.919813132646448, 0.910880701771109, 0.89594414272416, 0.870321438704, 
0.826353826804194, 0.755381923830673, 0.647813234553947, 0.499441735759723, 
0.321609107110301, 0.157667821672881, 0.0502361781241002, 0.00963419659282678, 
0.00101718241209977, 5.77566174864667e-05, 1.82926566385297e-06, 
1, 0.959104236249242, 0.95, 0.944895573273046, 0.940779747471773, 
0.932379182391767, 0.920532738772695, 0.908414470996326, 0.894766220106413, 
0.87754231541695, 0.854384305008235, 0.821266307348039, 0.773375397887337, 
0.705584837828301, 0.612375831704045, 0.493238845301313, 0.354055989100375, 
0.212312256579179, 0.0975239555188555, 0.0305354995172223, 0.00585603874328082, 
0.00061828296286534, 3.51067145477836e-05, 1.11189869295923e-06, 
1, 0.922691107852311, 0.9, 0.894080969282471, 0.889843780398577, 
0.883591181287993, 0.876732463677177, 0.870875716654667, 0.864784104861413, 
0.85711557908516, 0.846345064573009, 0.829372086676981, 0.801668095516031, 
0.756367232470052, 0.684888865121174, 0.579256924940359, 0.435752857571748, 
0.269857629148351, 0.124783073537546, 0.0367673150520703, 0.00652620792537753, 
0.000633099587704325, 3.33243910905939e-05, 9.9296235437147e-07, 
1, 0.922691107852311, 0.9, 0.891411510240947, 0.88534467202312, 
0.875484922154242, 0.862608634341706, 0.850231667834989, 0.836873172787548, 
0.820499038131375, 0.79899645536991, 0.768835744756961, 0.725476023914821, 
0.664007646733258, 0.577921382914703, 0.465875720812524, 0.33148904072738, 
0.194120262023859, 0.0852776078545575, 0.0247852556481067, 0.00439938928404493, 
0.000426779467299695, 2.24643423466775e-05, 6.6936695723331e-07, 
1, 0.922691107852311, 0.9, 0.885142304998993, 0.874873880227638, 
0.855694009690275, 0.823580759221143, 0.787404359215329, 0.747039792816419, 
0.700692052092122, 0.647217137434701, 0.586102940900807, 0.515691143881704, 
0.437436993297522, 0.348302386227478, 0.254793110111724, 0.163613426053686, 
0.0871546443545583, 0.0352756561524743, 0.0100446063140481, 0.00178292021707868, 
0.000172958947561715, 9.10402047814306e-06, 2.71271261450735e-07
), .Dim = c(24L, 9L))
